*******test start******* at  17:47:25.369 7/7/2013
round: 1 17:47:25.369 7/7/2013
======================================================================
wifi: 10, bmac: 10
Wi_b: 320, Wc_b: 80, Packet_b: 128, LDATA_b: 461, OSD_b: 660
aMinBE_w: 5, aMaxBE_w: 10, Packet_w: 2346, LDATA_w: 35, OSD_w: 40, DIFS: 6
tau: 0.0075828
tau2: 0.00021665
Pcoll_w: 0.28387
phi: 0.0027197
alpha: 0.95102
beta: 0.34647
Pcoll_b: 0.18265
normalize_w: 0.20918
normalize_b: 0.78066
======================================================================
*******test end******* at  17:54:5.173 7/7/2013
*******test start******* at  17:54:5.173 7/7/2013
round: 1 17:54:5.183 7/7/2013
======================================================================
wifi: 10, bmac: 10
Wi_b: 170, Wc_b: 70, Packet_b: 128, LDATA_b: 461, OSD_b: 660
aMinBE_w: 5, aMaxBE_w: 10, Packet_w: 2346, LDATA_w: 35, OSD_w: 40, DIFS: 6
tau: 0.0064435
tau2: 0.0001841
Pcoll_w: 0.29739
phi: 0.0031736
alpha: 0.95655
beta: 0.34083
Pcoll_b: 0.17327
normalize_w: 0.17915
normalize_b: 0.81329
======================================================================
*******test end******* at  18:0:54.954 7/7/2013
