*******test start******* at  19:50:23.426 7/10/2013
round: 1 19:50:23.434 7/10/2013
======================================================================
wifi: 5, bmac: 10
Wi_b: 320, Wc_b: 80, Packet_b: 148, LDATA_b: 474, OSD_b: 660
aMinBE_w: 4, aMaxBE_w: 8, Packet_w: 1346, LDATA_w: 20, OSD_w: 40, DIFS: 6
tau: 0.0095733
tau2: 0.00047867
Pcoll_w: 0.22841
phi: 0.0036513
alpha: 0.92204
beta: 0.59251
Pcoll_b: 0.26437
normalize_w: 0.143
normalize_b: 0.79205
======================================================================
*******test end******* at  19:50:56.592 7/10/2013
*******test start******* at  19:50:56.597 7/10/2013
round: 1 19:50:56.606 7/10/2013
======================================================================
wifi: 5, bmac: 10
Wi_b: 240, Wc_b: 80, Packet_b: 148, LDATA_b: 474, OSD_b: 660
aMinBE_w: 4, aMaxBE_w: 8, Packet_w: 1346, LDATA_w: 20, OSD_w: 40, DIFS: 6
