*******test start******* at  16:50:45.396 7/7/2013
round: 1 16:50:45.404 7/7/2013
======================================================================
wifi: 10, bmac: 10
Wi_b: 320, Wc_b: 80, Packet_b: 128, LDATA_b: 461, OSD_b: 660
aMinBE_w: 5, aMaxBE_w: 10, Packet_w: 2346, LDATA_w: 35, OSD_w: 40, DIFS: 6
tau: 0.007301
tau2: 0.0002086
Pcoll_w: 0.27924
phi: 0.0027146
alpha: 0.95172
beta: 0.32736
Pcoll_b: 0.17413
normalize_w: 0.19953
normalize_b: 0.78877
======================================================================
*******test end******* at  16:57:47.035 7/7/2013
