*******test start******* at  17:16:27.012 7/7/2013
round: 1 17:16:27.012 7/7/2013
======================================================================
wifi: 10, bmac: 10
Wi_b: 320, Wc_b: 80, Packet_b: 128, LDATA_b: 461, OSD_b: 660
aMinBE_w: 5, aMaxBE_w: 10, Packet_w: 2346, LDATA_w: 35, OSD_w: 40, DIFS: 6
tau: 0.022664
tau2: 0.00064755
Pcoll_w: 0.27156
phi: 0.0032466
alpha: 0.88086
beta: 0.9046
Pcoll_b: 0.31436
normalize_w: 0.58935
normalize_b: 0.33422
======================================================================
*******test end******* at  17:22:8.734 7/7/2013
