*******test start******* at  14:50:19.868 7/7/2013
round: 1 14:50:19.878 7/7/2013
======================================================================
wifi: 20, bmac: 20
Wi_b: 170, Wc_b: 70, Packet_b: 100, LDATA_b: 360, OSD_b: 660
aMinBE_w: 5, aMaxBE_w: 10, Packet_w: 2346, LDATA_w: 35, OSD_w: 40, DIFS: 6
tau: 0.0023196
tau2: 6.6275e-05
Pcoll_w: 0.43531
phi: 0.0034991
alpha: 0.96802
beta: 0.41667
Pcoll_b: 0.26503
======================================================================
*******test end******* at  15:0:44.189 7/7/2013
