*******test start******* at  19:22:50.042 7/10/2013
round: 1 19:22:50.051 7/10/2013
======================================================================
wifi: 5, bmac: 10
Wi_b: 330, Wc_b: 90, Packet_b: 148, LDATA_b: 444, OSD_b: 660
aMinBE_w: 4, aMaxBE_w: 8, Packet_w: 1346, LDATA_w: 20, OSD_w: 40, DIFS: 6
tau: 0.0063493
tau2: 0.00031747
Pcoll_w: 0.24528
phi: 0.0031939
alpha: 0.94295
beta: 0.30809
Pcoll_b: 0.15547
normalize_w: 0.1573
normalize_b: 0.81829
======================================================================
*******test end******* at  19:29:29.681 7/10/2013
*******test start******* at  19:29:29.687 7/10/2013
round: 1 19:29:29.696 7/10/2013
======================================================================
wifi: 5, bmac: 10
Wi_b: 250, Wc_b: 90, Packet_b: 148, LDATA_b: 444, OSD_b: 660
aMinBE_w: 4, aMaxBE_w: 8, Packet_w: 1346, LDATA_w: 20, OSD_w: 40, DIFS: 6
