*******test start******* at  16:34:20.617 7/7/2013
round: 1 16:34:20.627 7/7/2013
======================================================================
wifi: 20, bmac: 20
Wi_b: 170, Wc_b: 70, Packet_b: 100, LDATA_b: 360, OSD_b: 660
aMinBE_w: 5, aMaxBE_w: 10, Packet_w: 2346, LDATA_w: 35, OSD_w: 40, DIFS: 6
tau: 0.0022811
tau2: 6.5175e-05
Pcoll_w: 0.44304
phi: 0.0035005
alpha: 0.96839
beta: 0.41414
Pcoll_b: 0.25299
normalize_w: 0.14618
normalize_b: 0.86976
======================================================================
*******test end******* at  16:45:31.093 7/7/2013
