*******test start******* at  19:31:32.49 7/10/2013
round: 1 19:31:32.498 7/10/2013
======================================================================
wifi: 5, bmac: 10
Wi_b: 330, Wc_b: 90, Packet_b: 148, LDATA_b: 444, OSD_b: 660
aMinBE_w: 4, aMaxBE_w: 8, Packet_w: 1346, LDATA_w: 20, OSD_w: 40, DIFS: 6
tau: 0.016459
tau2: 0.00082293
Pcoll_w: 0.19613
phi: 0.0035709
alpha: 0.8673
beta: 0.82428
Pcoll_b: 0.27484
normalize_w: 0.37668
normalize_b: 0.54301
======================================================================
*******test end******* at  19:37:14.583 7/10/2013
*******test start******* at  19:37:14.588 7/10/2013
round: 1 19:37:14.598 7/10/2013
======================================================================
wifi: 5, bmac: 10
Wi_b: 250, Wc_b: 90, Packet_b: 148, LDATA_b: 444, OSD_b: 660
aMinBE_w: 4, aMaxBE_w: 8, Packet_w: 1346, LDATA_w: 20, OSD_w: 40, DIFS: 6
